delta: 1
tpr:0.06086956521739131
reject: 7, detect: 115
delta: 2
tpr:0.08403361344537816
reject: 10, detect: 119
delta: 3
tpr:0.08333333333333333
reject: 10, detect: 120
delta: 4
tpr:0.09243697478991597
reject: 11, detect: 119
