delta: 4
tpr:0.75
reject: 90, detect: 120
delta: 3
tpr:0.45
reject: 54, detect: 120
delta: 2
tpr:0.19327731092436976
reject: 23, detect: 119
delta: 1
tpr:0.08080808080808081
reject: 8, detect: 99
