delta: 1
tpr:0.061224489795918366
reject: 6, detect: 98
delta: 2
tpr:0.09243697478991597
reject: 11, detect: 119
delta: 3
tpr:0.275
reject: 33, detect: 120
delta: 4
tpr:0.4166666666666667
reject: 50, detect: 120
