cpu: 807.1337158999995
cpu-optimized: 35.71792459487915