delta: 4
tpr:0.9666666666666667
reject: 116, detect: 120
average runtime: 24.39994882742564
delta: 3
tpr:0.9166666666666666
reject: 110, detect: 120
average runtime: 26.780912367502847
delta: 2
tpr:0.7583333333333333
reject: 91, detect: 120
average runtime: 31.289324841896693
delta: 1
tpr:0.21666666666666667
reject: 26, detect: 120
average runtime: 46.73464818994204
